1731977971 -19.69 0 0 
1731977971 19.69 1.97 0 
1731977974 -43.0 0 0 
1731977989 70.305 0 0 
1731978001 100.0 10.0 0 
1731978010 15.942 0 0 
1731978010 -15.942 0 0 
1731978025 -44.0 0 0 
1731978038 53.68 0 0 
1731978153 -28.37 0 0 
1731978153 28.37 0 0 
1731978158 -46.73 0 0 
1731978158 46.73 4.67 0 
1731978159 40.373 0 0 
1731978159 -40.373 0 0 
1731978161 -23.45 0 0 
1731978161 23.45 0 0 
1731978163 182.69 0 0 
1731978164 -52.29 0 0 
1731978166 -111.965 0 0 
1731978167 70.29 0 0 
1731978184 168.83 0 0 
1731978185 169.16 0 0 
1731978285 -74.9 0 0 
1731978286 -67.375 0 0 
1731978528 -46.0 0 0 
1731978542 57.73 0 0 
1731978664 -20.44 0 0 
1731978664 20.44 0 0 
1731978693 -46.0 0 0 
1731978713 66.24 0 0 
1731978840 102.6 0 0 
1731978840 89.88 0 0 
1731979647 -49.0 0 0 
1731979920 -44.975 0 0 
1731979920 -74.9 0 0 
1731980359 115.44 0 0 
1731980360 102.78 0 0 
1731980367 -8.86 0 0 
1731980367 8.86 0 0 
1731980392 -105.035 0 0 
1731980393 64.2 0 0 
1731980406 -8.71 0 0 
1731980406 8.71 0 0 
1731980456 -22.28 0 0 
1731980456 22.28 0 0 
1731980970 -48.0 0 0 
1731980988 70.8 0 0 
1731981516 -48.0 0 0 
1731981936 -48.0 0 0 
1731981950 70.08 0 0 
1731982180 128.52 0 0 
1731982180 -82.6 0 0 
1731982297 -22.91 0 0 
1731982297 22.91 0 0 
1731982297 -10.96 0 0 
1731982297 10.96 0 0 
1731982297 -15.31 0 0 
1731982297 15.31 0 0 
1731982304 -97.545 0 0 
1731982304 64.26 0 0 
1731982343 -75.005 0 0 
1731982344 192.66 0 0 
1731982445 4876.209 53.42 0 
1731982445 188.507 54.67 0 
1731982446 4860.369 53.42 0 
1731982446 204.347 54.67 0 
1731982447 4839.469 53.42 0 
1731982447 225.247 54.67 0 
1731982461 4726.804 53.42 0 
1731982463 4919.644 53.42 0 
1731982748 4870.644 53.42 0 
1731982847 4821.644 53.42 0 
1731982861 4899.799 53.42 0 
